ACC_TRDVAL,ACC_TRDVOL,CMPPREVDD_PRC,FLUC_RT,FLUC_TP_CD,LIST_SHRS,MKTCAP,TDD_CLSPRC,TDD_HGPRC,TDD_LWPRC,TDD_OPNPRC,TRD_DD
"1,128",1,-21,-1.83,2,"6,938,482","7,826,607,696","1,128","1,128","1,128","1,128",2024/12/30
"12,870",12,49,4.45,1,"6,938,482","7,972,315,818","1,149","1,264","1,008","1,264",2024/12/27
"318,310",303,-124,-10.13,2,"6,938,482","7,632,330,200","1,100","1,405","1,048","1,405",2024/12/26
"715,465",708,148,13.75,1,"6,938,482","8,492,701,968","1,224","1,236","1,001","1,236",2024/12/24
"1,078,487","1,005",-177,-14.13,2,"6,938,482","7,465,806,632","1,076","1,434","1,072","1,434",2024/12/23
"8,384",7,152,13.81,1,"6,938,482","8,693,917,946","1,253","1,264","1,001","1,264",2024/12/20
"4,646,389","4,241",1,0.09,1,"6,938,482","7,639,268,682","1,101","1,258","1,094","1,094",2024/12/19
"20,396,322","20,348",-4,-0.36,2,"6,938,482","7,632,330,200","1,100","1,258",954,"1,258",2024/12/18
"33,023,158","30,048",-101,-8.38,2,"6,938,482","7,660,084,128","1,104","1,358","1,028","1,358",2024/12/17
"17,410,605","15,864",132,12.30,1,"6,938,482","8,360,870,810","1,205","1,232","1,073","1,232",2024/12/16
"313,630",313,-1,-0.09,2,"6,938,482","7,444,991,186","1,073","1,073",992,"1,073",2024/12/13
"3,132,164","3,016",-4,-0.37,2,"6,938,482","7,451,929,668","1,074","1,229",961,"1,229",2024/12/12
"14,287,739","14,248",80,8.02,1,"6,938,482","7,479,683,596","1,078","1,139",997,"1,000",2024/12/11
"10,351,002","10,401",9,0.91,1,"6,938,482","6,924,605,036",998,999,951,999,2024/12/10
"5,992,272","6,086",4,0.41,1,"6,938,482","6,862,158,698",989,"1,119",958,"1,119",2024/12/09
"37,558,695","37,622",-14,-1.40,2,"6,938,482","6,834,404,770",985,"1,146",906,"1,146",2024/12/06
"1,448,241","1,534",50,5.27,1,"6,938,482","6,931,543,518",999,"1,070",899,"1,070",2024/12/05
"15,612,413","17,705",55,6.15,1,"6,938,482","6,584,619,418",949,993,763,993,2024/12/04
"93,457,851","107,745",-21,-2.30,2,"6,938,482","6,203,002,908",894,970,850,909,2024/12/03
"81,532,987","95,150",99,12.13,1,"6,938,482","6,348,711,030",915,928,728,928,2024/12/02
"4,685,391","5,728",-143,-14.91,5,"6,938,482","5,661,801,312",816,948,816,948,2024/11/29
"31,042,438","39,114",38,4.13,1,"6,938,482","6,654,004,238",959,987,783,921,2024/11/28
"71,213,715","77,321",-162,-14.96,5,"6,938,482","6,390,341,922",921,"1,179",921,921,2024/11/27
"52,063,483","47,257",-191,-14.99,5,"6,938,482","7,514,376,006","1,083","1,458","1,083","1,153",2024/11/26
"2,731",2,0,0.00,3,"6,938,482","8,839,626,068","1,274","1,457","1,274","1,457",2024/11/25
"8,547",7,-1,-0.08,2,"6,938,482","8,839,626,068","1,274","1,449","1,084","1,449",2024/11/22
"201,450",158,-224,-14.94,5,"6,938,482","8,846,564,550","1,275","1,275","1,275","1,275",2024/11/21
"1,499",1,158,11.78,1,"6,938,482","10,400,784,518","1,499","1,499","1,499","1,499",2024/11/20
"144,828",108,-236,-14.97,5,"6,938,482","9,304,504,362","1,341","1,341","1,341","1,341",2024/11/19
"3,919",3,200,14.52,1,"6,938,482","10,941,986,114","1,577","1,577","1,171","1,171",2024/11/18
"1,377",1,177,14.75,1,"6,938,482","9,554,289,714","1,377","1,377","1,377","1,377",2024/11/15
0,0,-160,-11.76,2,"6,938,482","8,326,178,400","1,200",0,0,0,2024/11/14
"1,360",1,-240,-15.00,5,"6,938,482","9,436,335,520","1,360","1,360","1,360","1,360",2024/11/13
0,0,-130,-7.51,2,"6,938,482","11,101,571,200","1,600",0,0,0,2024/11/12
"1,730",1,217,14.34,1,"6,938,482","12,003,573,860","1,730","1,730","1,730","1,730",2024/11/11
0,0,0,0.00,0,"6,938,482","10,497,923,266","1,513",0,0,0,2024/11/08
0,0,0,0.00,0,"6,938,482","10,497,923,266","1,513",0,0,0,2024/11/07
"1,513",1,-267,-15.00,5,"6,938,482","10,497,923,266","1,513","1,513","1,513","1,513",2024/11/06
"1,780",1,230,14.84,1,"6,938,482","12,350,497,960","1,780","1,780","1,780","1,780",2024/11/05
"1,550",1,192,14.14,1,"6,938,482","10,754,647,100","1,550","1,550","1,550","1,550",2024/11/04
0,0,-239,-14.97,5,"6,938,482","9,422,458,556","1,358",0,0,0,2024/11/01
"8,731",7,199,14.23,1,"6,938,482","11,080,755,754","1,597","1,597","1,189","1,189",2024/10/31
"11,395",8,139,11.04,1,"6,938,482","9,699,997,836","1,398","1,445","1,398","1,445",2024/10/30
"115,928",105,160,14.56,1,"6,938,482","8,735,548,838","1,259","1,259","1,099","1,259",2024/10/29
"936,552",972,135,14.00,1,"6,938,482","7,625,391,718","1,099","1,107",963,"1,107",2024/10/28
"306,613",317,-170,-14.99,5,"6,938,482","6,688,696,648",964,"1,300",964,"1,300",2024/10/25
"2,437",2,-1,-0.09,2,"6,938,482","7,868,238,588","1,134","1,303","1,134","1,303",2024/10/24
"38,877",38,132,13.16,1,"6,938,482","7,875,177,070","1,135","1,148","1,000","1,148",2024/10/23
"13,039",13,-29,-2.81,2,"6,938,482","6,959,297,446","1,003","1,003","1,003","1,003",2024/10/22
"2,064",2,-181,-14.92,5,"6,938,482","7,160,513,424","1,032","1,032","1,032","1,032",2024/10/21
"1,213",1,155,14.65,1,"6,938,482","8,416,378,666","1,213","1,213","1,213","1,213",2024/10/18
"17,070",16,0,0.00,3,"6,938,482","7,340,913,956","1,058","1,200","1,058","1,200",2024/10/17
"3,273",3,-1,-0.09,2,"6,938,482","7,340,913,956","1,058","1,215","1,000","1,215",2024/10/16
"1,059",1,-186,-14.94,5,"6,938,482","7,347,852,438","1,059","1,059","1,059","1,059",2024/10/15
"1,245",1,0,0.00,3,"6,938,482","8,638,410,090","1,245","1,245","1,245","1,245",2024/10/14
"2,331",2,159,14.64,1,"6,938,482","8,638,410,090","1,245","1,245","1,086","1,086",2024/10/11
"1,086",1,140,14.80,1,"6,938,482","7,535,191,452","1,086","1,086","1,086","1,086",2024/10/10
"11,491",12,0,0.00,3,"6,938,482","6,563,803,972",946,"1,085",946,"1,085",2024/10/08
"2,838",3,-166,-14.93,5,"6,938,482","6,563,803,972",946,946,946,946,2024/10/07
"1,112",1,-196,-14.98,5,"6,938,482","7,715,591,984","1,112","1,112","1,112","1,112",2024/10/04
"1,308",1,168,14.74,1,"6,938,482","9,075,534,456","1,308","1,308","1,308","1,308",2024/10/02
"4,838",5,140,14.00,1,"6,938,482","7,909,869,480","1,140","1,148",850,"1,148",2024/09/30
"344,446",404,-1,-0.10,2,"6,938,482","6,938,482,000","1,000","1,146",851,"1,146",2024/09/27
"2,002",2,-176,-14.95,5,"6,938,482","6,945,420,482","1,001","1,001","1,001","1,001",2024/09/26
"1,177",1,145,14.05,1,"6,938,482","8,166,593,314","1,177","1,177","1,177","1,177",2024/09/25
"2,064",2,-182,-14.99,5,"6,938,482","7,160,513,424","1,032","1,032","1,032","1,032",2024/09/24
"1,214",1,132,12.20,1,"6,938,482","8,423,317,148","1,214","1,214","1,214","1,214",2024/09/23
"5,247",5,-1,-0.09,2,"6,938,482","7,507,437,524","1,082","1,083","1,000","1,083",2024/09/20
"1,083",1,-191,-14.99,5,"6,938,482","7,514,376,006","1,083","1,083","1,083","1,083",2024/09/19
"1,274",1,165,14.88,1,"6,938,482","8,839,626,068","1,274","1,274","1,274","1,274",2024/09/13
"1,109",1,142,14.68,1,"6,938,482","7,694,776,538","1,109","1,109","1,109","1,109",2024/09/12
"903,077","1,002",-12,-1.23,2,"6,938,482","6,709,512,094",967,"1,110",833,"1,110",2024/09/11
"2,078",2,-1,-0.10,2,"6,938,482","6,792,773,878",979,"1,099",979,"1,099",2024/09/10
"1,923,667","2,116",-12,-1.21,2,"6,938,482","6,799,712,360",980,"1,139",845,"1,139",2024/09/09
"493,178",573,-19,-1.88,2,"6,938,482","6,882,974,144",992,993,860,992,2024/09/06
"1,011",1,131,14.89,1,"6,938,482","7,014,805,302","1,011","1,011","1,011","1,011",2024/09/05
"88,620",99,-50,-5.38,2,"6,938,482","6,105,864,160",880,"1,001",880,"1,001",2024/09/04
"1,817,787","2,077",-99,-9.62,2,"6,938,482","6,452,788,260",930,999,875,875,2024/09/03
"11,279",13,80,8.43,1,"6,938,482","7,139,697,978","1,029","1,090",811,"1,090",2024/09/02
"1,191,698","1,203",-1,-0.11,2,"6,938,482","6,584,619,418",949,"1,000",949,"1,000",2024/08/30
"1,795,863","2,009",-100,-9.52,2,"6,938,482","6,591,557,900",950,"1,099",893,"1,099",2024/08/29
"2,145",2,-49,-4.46,2,"6,938,482","7,285,406,100","1,050","1,095","1,050","1,095",2024/08/28
"1,099",1,100,10.01,1,"6,938,482","7,625,391,718","1,099","1,099","1,099","1,099",2024/08/27
"2,098",2,19,1.94,1,"6,938,482","6,931,543,518",999,"1,099",999,"1,099",2024/08/26
"4,002,174","4,007",-74,-7.02,2,"6,938,482","6,799,712,360",980,"1,212",896,"1,212",2024/08/23
"1,059,270","1,005",-186,-15.00,5,"6,938,482","7,313,160,028","1,054","1,054","1,054","1,054",2024/08/22
"1,240",1,160,14.81,1,"6,938,482","8,603,717,680","1,240","1,240","1,240","1,240",2024/08/21
"5,542",5,32,3.05,1,"6,938,482","7,493,560,560","1,080","1,204","1,080","1,204",2024/08/20
"374,565",400,-51,-4.64,2,"6,938,482","7,271,529,136","1,048","1,049",935,"1,049",2024/08/19
"2,362",2,-1,-0.09,2,"6,938,482","7,625,391,718","1,099","1,263","1,099","1,263",2024/08/16
"2,361",2,1,0.09,1,"6,938,482","7,632,330,200","1,100","1,261","1,100","1,261",2024/08/14
"38,814",35,-162,-12.85,2,"6,938,482","7,625,391,718","1,099","1,448","1,099","1,448",2024/08/13
"1,261",1,162,14.74,1,"6,938,482","8,749,425,802","1,261","1,261","1,261","1,261",2024/08/12
"7,694",7,-1,-0.09,2,"6,938,482","7,625,391,718","1,099","1,100","1,099","1,100",2024/08/09
"11,713",12,0,0.00,3,"6,938,482","7,632,330,200","1,100","1,263",935,"1,263",2024/08/08
"12,331",11,-61,-5.25,2,"6,938,482","7,632,330,200","1,100","1,331","1,100","1,331",2024/08/07
"270,513",233,-204,-14.95,5,"6,938,482","8,055,577,602","1,161","1,161","1,161","1,161",2024/08/06
"1,365",1,174,14.61,1,"6,938,482","9,471,027,930","1,365","1,365","1,365","1,365",2024/08/05
"1,191",1,-210,-14.99,5,"6,938,482","8,263,732,062","1,191","1,191","1,191","1,191",2024/08/02
"1,401",1,175,14.27,1,"6,938,482","9,720,813,282","1,401","1,401","1,401","1,401",2024/08/01
"1,226",1,-216,-14.98,5,"6,938,482","8,506,578,932","1,226","1,226","1,226","1,226",2024/07/31
"1,442",1,184,14.63,1,"6,938,482","10,005,291,044","1,442","1,442","1,442","1,442",2024/07/30
"12,336",11,-1,-0.08,2,"6,938,482","8,728,610,356","1,258","1,439","1,071","1,439",2024/07/29
"1,259",1,162,14.77,1,"6,938,482","8,735,548,838","1,259","1,259","1,259","1,259",2024/07/26
"941,527","1,002",-7,-0.63,2,"6,938,482","7,611,514,754","1,097","1,265",939,"1,265",2024/07/25
"96,408",102,-1,-0.09,2,"6,938,482","7,660,084,128","1,104","1,104",942,"1,104",2024/07/24
"2,404",2,-194,-14.93,5,"6,938,482","7,667,022,610","1,105","1,299","1,105","1,299",2024/07/23
"1,299",1,99,8.25,1,"6,938,482","9,013,088,118","1,299","1,299","1,299","1,299",2024/07/22
"118,225",102,43,3.72,1,"6,938,482","8,326,178,400","1,200","1,325","1,157","1,325",2024/07/19
"10,413",9,-204,-14.99,5,"6,938,482","8,027,823,674","1,157","1,157","1,157","1,157",2024/07/18
"1,361",1,149,12.29,1,"6,938,482","9,443,274,002","1,361","1,361","1,361","1,361",2024/07/17
"1,212",1,-213,-14.95,5,"6,938,482","8,409,440,184","1,212","1,212","1,212","1,212",2024/07/16
"1,425",1,182,14.64,1,"6,938,482","9,887,336,850","1,425","1,425","1,425","1,425",2024/07/15
"1,243",1,141,12.79,1,"6,938,482","8,624,533,126","1,243","1,243","1,243","1,243",2024/07/12
"113,506",103,-1,-0.09,2,"6,938,482","7,646,207,164","1,102","1,102","1,102","1,102",2024/07/11
"557,248",505,-2,-0.18,2,"6,938,482","7,653,145,646","1,103","1,105","1,103","1,105",2024/07/10
"3,225,362","3,399",0,0.00,3,"6,938,482","7,667,022,610","1,105","1,105",942,"1,105",2024/07/09
"9,034",8,-194,-14.93,5,"6,938,482","7,667,022,610","1,105","1,299","1,105","1,299",2024/07/08
"1,299",1,0,0.00,3,"6,938,482","9,013,088,118","1,299","1,299","1,299","1,299",2024/07/05
"1,299",1,24,1.88,1,"6,938,482","9,013,088,118","1,299","1,299","1,299","1,299",2024/07/04
"1,275",1,-225,-15.00,5,"6,938,482","8,846,564,550","1,275","1,275","1,275","1,275",2024/07/03
"3,036",2,163,12.19,1,"6,938,482","10,407,723,000","1,500","1,536","1,500","1,536",2024/07/02
"1,337",1,-1,-0.07,2,"6,938,482","9,276,750,434","1,337","1,337","1,337","1,337",2024/07/01
"1,338",1,-235,-14.94,5,"6,938,482","9,283,688,916","1,338","1,338","1,338","1,338",2024/06/28
"1,573",1,205,14.99,4,"6,938,482","10,914,232,186","1,573","1,573","1,573","1,573",2024/06/27
"1,369,368","1,001",-241,-14.98,5,"6,938,482","9,491,843,376","1,368","1,368","1,368","1,368",2024/06/26
"1,609",1,199,14.11,1,"6,938,482","11,164,017,538","1,609","1,609","1,609","1,609",2024/06/25
"1,410",1,177,14.36,1,"6,938,482","9,783,259,620","1,410","1,410","1,410","1,410",2024/06/24
"2,805,291","2,275",-217,-14.97,5,"6,938,482","8,555,148,306","1,233","1,449","1,233","1,233",2024/06/21
"1,450",1,-255,-14.96,5,"6,938,482","10,060,798,900","1,450","1,450","1,450","1,450",2024/06/20
"3,189",2,221,14.89,1,"6,938,482","11,830,111,810","1,705","1,705","1,484","1,484",2024/06/19
"1,484",1,190,14.68,1,"6,938,482","10,296,707,288","1,484","1,484","1,484","1,484",2024/06/18
"1,294",1,-228,-14.98,5,"6,938,482","8,978,395,708","1,294","1,294","1,294","1,294",2024/06/17
"4,787",3,-1,-0.07,2,"6,938,482","10,560,369,604","1,522","1,742","1,522","1,523",2024/06/14
0,0,-268,-14.96,5,"6,938,482","10,567,308,086","1,523",0,0,0,2024/06/13
"3,351",2,231,14.81,1,"6,938,482","12,426,821,262","1,791","1,791","1,560","1,560",2024/06/12
"1,560",1,200,14.71,1,"6,938,482","10,824,031,920","1,560","1,560","1,560","1,560",2024/06/11
"2,720",2,-239,-14.95,5,"6,938,482","9,436,335,520","1,360","1,360","1,360","1,360",2024/06/10
"1,599",1,204,14.62,1,"6,938,482","11,094,632,718","1,599","1,599","1,599","1,599",2024/06/07
"1,395",1,179,14.72,1,"6,938,482","9,679,182,390","1,395","1,395","1,395","1,395",2024/06/05
"6,080",5,-214,-14.97,5,"6,938,482","8,437,194,112","1,216","1,216","1,216","1,216",2024/06/04
"1,430",1,184,14.77,1,"6,938,482","9,922,029,260","1,430","1,430","1,430","1,430",2024/06/03
"1,030,003",971,-1,-0.08,2,"6,938,482","8,645,348,572","1,246","1,431","1,060","1,431",2024/05/31
"4,988",4,-220,-15.00,5,"6,938,482","8,652,287,054","1,247","1,247","1,247","1,247",2024/05/30
"1,467",1,-1,-0.07,2,"6,938,482","10,178,753,094","1,467","1,467","1,467","1,467",2024/05/29
"810,292",697,168,12.92,1,"6,938,482","10,185,691,576","1,468","1,489","1,105","1,105",2024/05/28
"7,822",6,158,13.84,1,"6,938,482","9,020,026,600","1,300","1,311","1,300","1,300",2024/05/27
"1,175,118","1,029",-201,-14.97,5,"6,938,482","7,923,746,444","1,142","1,142","1,142","1,142",2024/05/24
"5,372",4,-236,-14.95,5,"6,938,482","9,318,381,326","1,343","1,343","1,343","1,343",2024/05/23
"18,127",15,189,13.60,1,"6,938,482","10,955,863,078","1,579","1,579","1,182","1,182",2024/05/22
"6,954",5,178,14.69,1,"6,938,482","9,644,489,980","1,390","1,392","1,390","1,392",2024/05/21
"2,604",2,-1,-0.08,2,"6,938,482","8,409,440,184","1,212","1,392","1,212","1,392",2024/05/20
"36,133",32,-2,-0.16,2,"6,938,482","8,416,378,666","1,213","1,395","1,033","1,395",2024/05/17
"59,535",49,-214,-14.98,5,"6,938,482","8,430,255,630","1,215","1,215","1,215","1,215",2024/05/16
"24,293",17,-252,-14.99,5,"6,938,482","9,915,090,778","1,429","1,429","1,429","1,429",2024/05/14
0,0,-296,-14.97,5,"6,938,482","11,663,588,242","1,681",0,0,0,2024/05/13
"1,977",1,189,10.57,1,"6,938,482","13,717,378,914","1,977","1,977","1,977","1,977",2024/05/10
"1,788",1,-1,-0.06,2,"6,938,482","12,406,005,816","1,788","1,788","1,788","1,788",2024/05/09
"3,380",2,198,12.45,1,"6,938,482","12,412,944,298","1,789","1,789","1,591","1,591",2024/05/08
"1,591",1,199,14.30,1,"6,938,482","11,039,124,862","1,591","1,591","1,591","1,591",2024/05/07
"1,392",1,-245,-14.97,5,"6,938,482","9,658,366,944","1,392","1,392","1,392","1,392",2024/05/03
0,0,-2,-0.12,2,"6,938,482","11,358,295,034","1,637",0,0,0,2024/05/02
"3,075",2,203,14.14,1,"6,938,482","11,372,171,998","1,639","1,639","1,436","1,436",2024/04/30
0,0,-253,-14.98,5,"6,938,482","9,963,660,152","1,436",0,0,0,2024/04/29
"4,830",3,-9,-0.53,2,"6,938,482","11,719,096,098","1,689","1,697","1,444","1,697",2024/04/26
"1,698",1,199,13.28,1,"6,938,482","11,781,542,436","1,698","1,698","1,698","1,698",2024/04/25
"1,499",1,190,14.51,1,"6,938,482","10,400,784,518","1,499","1,499","1,499","1,499",2024/04/24
0,0,-230,-14.94,5,"6,938,482","9,082,472,938","1,309",0,0,0,2024/04/23
0,0,-271,-14.97,5,"6,938,482","10,678,323,798","1,539",0,0,0,2024/04/22
"1,810",1,219,13.76,1,"6,938,482","12,558,652,420","1,810","1,810","1,810","1,810",2024/04/19
"1,591",1,159,11.10,1,"6,938,482","11,039,124,862","1,591","1,591","1,591","1,591",2024/04/18
0,0,-252,-14.96,5,"6,938,482","9,935,906,224","1,432",0,0,0,2024/04/17
"1,684",1,197,13.25,1,"6,938,482","11,684,403,688","1,684","1,684","1,684","1,684",2024/04/16
"1,487",1,189,14.56,1,"6,938,482","10,317,522,734","1,487","1,487","1,487","1,487",2024/04/15
"1,298",1,-228,-14.94,5,"6,938,482","9,006,149,636","1,298","1,298","1,298","1,298",2024/04/12
"1,526",1,189,14.14,1,"6,938,482","10,588,123,532","1,526","1,526","1,526","1,526",2024/04/11
"635,797",557,-4,-0.30,2,"6,938,482","9,276,750,434","1,337","1,340","1,140","1,340",2024/04/09
0,0,-5,-0.37,2,"6,938,482","9,304,504,362","1,341",0,0,0,2024/04/08
"37,073",32,-2,-0.15,2,"6,938,482","9,339,196,772","1,346","1,347","1,146","1,347",2024/04/05
"185,348",161,-4,-0.30,2,"6,938,482","9,353,073,736","1,348","1,348","1,150","1,150",2024/04/04
"1,352",1,-238,-14.97,5,"6,938,482","9,380,827,664","1,352","1,352","1,352","1,352",2024/04/03
"2,985",2,195,13.98,1,"6,938,482","11,032,186,380","1,590","1,590","1,395","1,395",2024/04/02
"1,395",1,9,0.65,1,"6,938,482","9,679,182,390","1,395","1,395","1,395","1,395",2024/04/01
"1,386",1,179,14.83,1,"6,938,482","9,616,736,052","1,386","1,386","1,386","1,386",2024/03/29
"13,277",11,-212,-14.94,5,"6,938,482","8,374,747,774","1,207","1,207","1,207","1,207",2024/03/28
0,0,-250,-14.98,5,"6,938,482","9,845,705,958","1,419",0,0,0,2024/03/27
"1,669",1,190,12.85,1,"6,938,482","11,580,326,458","1,669","1,669","1,669","1,669",2024/03/26
"639,080",540,139,10.37,1,"6,938,482","10,262,014,878","1,479","1,529","1,156","1,529",2024/03/25
"127,705",111,-8,-0.59,2,"6,938,482","9,297,565,880","1,340","1,347","1,146","1,347",2024/03/22
"39,146",31,-1,-0.07,2,"6,938,482","9,353,073,736","1,348","1,348","1,170","1,348",2024/03/21
"94,782",82,-4,-0.30,2,"6,938,482","9,360,012,218","1,349","1,353","1,151","1,353",2024/03/20
"16,238",12,-2,-0.15,2,"6,938,482","9,387,766,146","1,353","1,355","1,353","1,355",2024/03/19
"319,659",276,-5,-0.37,2,"6,938,482","9,401,643,110","1,355","1,359","1,156","1,156",2024/03/18
"14,422",12,-15,-1.09,2,"6,938,482","9,436,335,520","1,360","1,372","1,169","1,372",2024/03/15
"147,272",119,93,7.25,1,"6,938,482","9,540,412,750","1,375","1,400","1,140","1,400",2024/03/14
"1,282",1,165,14.77,1,"6,938,482","8,895,133,924","1,282","1,282","1,282","1,282",2024/03/13
"2,234",2,-196,-14.93,5,"6,938,482","7,750,284,394","1,117","1,117","1,117","1,117",2024/03/12
"1,096,953",981,-2,-0.15,2,"6,938,482","9,110,226,866","1,313","1,313","1,118","1,118",2024/03/11
"229,387",205,0,0.00,3,"6,938,482","9,124,103,830","1,315","1,315","1,118","1,118",2024/03/08
0,0,0,0.00,0,"6,938,482","9,124,103,830","1,315",0,0,0,2024/03/07
0,0,-3,-0.23,2,"6,938,482","9,124,103,830","1,315",0,0,0,2024/03/06
"1,318",1,170,14.81,1,"6,938,482","9,144,919,276","1,318","1,318","1,318","1,318",2024/03/05
"2,296",2,-202,-14.96,5,"6,938,482","7,965,377,336","1,148","1,148","1,148","1,148",2024/03/04
"1,350",1,-238,-14.99,5,"6,938,482","9,366,950,700","1,350","1,350","1,350","1,350",2024/02/29
"1,588",1,188,13.43,1,"6,938,482","11,018,309,416","1,588","1,588","1,588","1,588",2024/02/28
"1,400",1,101,7.78,1,"6,938,482","9,713,874,800","1,400","1,400","1,400","1,400",2024/02/27
0,0,-51,-3.78,2,"6,938,482","9,013,088,118","1,299",0,0,0,2024/02/26
"1,350",1,101,8.09,1,"6,938,482","9,366,950,700","1,350","1,350","1,350","1,350",2024/02/23
"1,249",1,-94,-7.00,2,"6,938,482","8,666,164,018","1,249","1,249","1,249","1,249",2024/02/22
"981,369",856,-5,-0.37,2,"6,938,482","9,318,381,326","1,343","1,343","1,146","1,146",2024/02/21
0,0,-2,-0.15,2,"6,938,482","9,353,073,736","1,348",0,0,0,2024/02/20
0,0,-50,-3.57,2,"6,938,482","9,366,950,700","1,350",0,0,0,2024/02/19
"1,400",1,100,7.69,1,"6,938,482","9,713,874,800","1,400","1,400","1,400","1,400",2024/02/16
"1,300",1,167,14.74,1,"6,938,482","9,020,026,600","1,300","1,300","1,300","1,300",2024/02/15
0,0,-1,-0.09,2,"6,938,482","7,861,300,106","1,133",0,0,0,2024/02/14
"1,436,134","1,436",0,0.00,3,"6,938,482","7,868,238,588","1,134","1,134","1,000","1,000",2024/02/13
"1,134",1,0,0.00,3,"6,938,482","7,868,238,588","1,134","1,134","1,134","1,134",2024/02/08
"1,368,925","1,207",-200,-14.99,5,"6,938,482","7,868,238,588","1,134","1,321","1,134","1,321",2024/02/07
"2,869",2,-1,-0.07,2,"6,938,482","9,255,934,988","1,334","1,535","1,334","1,535",2024/02/06
"230,664",202,-5,-0.37,2,"6,938,482","9,262,873,470","1,335","1,529","1,139","1,529",2024/02/05
0,0,-3,-0.22,2,"6,938,482","9,297,565,880","1,340",0,0,0,2024/02/02
0,0,-2,-0.15,2,"6,938,482","9,318,381,326","1,343",0,0,0,2024/02/01
"1,345",1,-2,-0.15,2,"6,938,482","9,332,258,290","1,345","1,345","1,345","1,345",2024/01/31
"1,347",1,-2,-0.15,2,"6,938,482","9,346,135,254","1,347","1,347","1,347","1,347",2024/01/30
"313,257",262,-50,-3.57,2,"6,938,482","9,360,012,218","1,349","1,399","1,190","1,399",2024/01/29
"13,809",11,-60,-4.11,2,"6,938,482","9,706,936,318","1,399","1,399","1,241","1,241",2024/01/26
"2,539",2,189,14.88,1,"6,938,482","10,123,245,238","1,459","1,459","1,080","1,080",2024/01/25
"636,270",501,-224,-14.99,5,"6,938,482","8,811,872,140","1,270","1,270","1,270","1,270",2024/01/24
"2,766",2,-2,-0.13,2,"6,938,482","10,366,092,108","1,494","1,494","1,272","1,272",2024/01/23
"2,770",2,-2,-0.13,2,"6,938,482","10,379,969,072","1,496","1,496","1,274","1,274",2024/01/22
"14,248",11,-1,-0.07,2,"6,938,482","10,393,846,036","1,498","1,498","1,275","1,275",2024/01/19
"1,499",1,185,14.08,1,"6,938,482","10,400,784,518","1,499","1,499","1,499","1,499",2024/01/18
0,0,-1,-0.08,2,"6,938,482","9,117,165,348","1,314",0,0,0,2024/01/17
0,0,-232,-15.00,5,"6,938,482","9,124,103,830","1,315",0,0,0,2024/01/16
"25,845",19,192,14.17,1,"6,938,482","10,733,831,654","1,547","1,547","1,349","1,355",2024/01/15
"116,009",98,173,14.64,1,"6,938,482","9,401,643,110","1,355","1,355","1,182","1,182",2024/01/12
"1,637,471","1,374",-207,-14.90,2,"6,938,482","8,201,285,724","1,182","1,385","1,182","1,385",2024/01/11
"2,984",2,-10,-0.71,2,"6,938,482","9,637,551,498","1,389","1,595","1,389","1,595",2024/01/10
"14,659",11,-160,-10.26,2,"6,938,482","9,706,936,318","1,399","1,399","1,326","1,326",2024/01/09
"18,166",13,-1,-0.06,2,"6,938,482","10,817,093,438","1,559","1,787","1,326","1,560",2024/01/08
"1,560",1,0,0.00,3,"6,938,482","10,824,031,920","1,560","1,560","1,560","1,560",2024/01/05
"1,560",1,200,14.71,1,"6,938,482","10,824,031,920","1,560","1,560","1,560","1,560",2024/01/04
"57,249",42,-240,-15.00,5,"6,938,482","9,436,335,520","1,360","1,489","1,360","1,489",2024/01/03
"1,600",1,201,14.37,1,"6,938,482","11,101,571,200","1,600","1,600","1,600","1,600",2024/01/02
"50,398",42,0,0.00,3,"6,938,482","9,706,936,318","1,399","1,399","1,190","1,399",2023/12/28
"129,887",102,-94,-6.30,2,"6,938,482","9,706,936,318","1,399","1,488","1,270","1,488",2023/12/27
"14,223",11,-4,-0.27,2,"6,938,482","10,359,153,626","1,493","1,493","1,273","1,273",2023/12/26
"14,247",11,-2,-0.13,2,"6,938,482","10,386,907,554","1,497","1,497","1,275","1,275",2023/12/22
0,0,-97,-6.08,2,"6,938,482","10,400,784,518","1,499",0,0,0,2023/12/21
"12,826",8,-11,-0.68,2,"6,938,482","11,073,817,272","1,596","1,605","1,596","1,605",2023/12/20
"1,561,042","1,302",198,14.05,1,"6,938,482","11,150,140,574","1,607","1,620","1,198","1,620",2023/12/19
"55,219",52,179,14.55,1,"6,938,482","9,776,321,138","1,409","1,410","1,048","1,410",2023/12/18
"61,490",50,-19,-1.52,2,"6,938,482","8,534,332,860","1,230","1,230","1,229","1,229",2023/12/15
"2,439",2,-150,-10.72,2,"6,938,482","8,666,164,018","1,249","1,249","1,190","1,190",2023/12/14
"1,399",1,-194,-12.18,2,"6,938,482","9,706,936,318","1,399","1,399","1,399","1,399",2023/12/13
"492,836",403,158,11.01,1,"6,938,482","11,053,001,826","1,593","1,644","1,220","1,220",2023/12/12
"1,435",1,185,14.80,1,"6,938,482","9,956,721,670","1,435","1,435","1,435","1,435",2023/12/11
"12,500",10,-28,-2.19,2,"6,938,482","8,673,102,500","1,250","1,250","1,250","1,250",2023/12/08
"14,058",11,-225,-14.97,5,"6,938,482","8,867,379,996","1,278","1,278","1,278","1,278",2023/12/07
"4,703,502","3,919",103,7.36,1,"6,938,482","10,428,538,446","1,503","1,599","1,200","1,599",2023/12/06
"3,475,440","2,823",-46,-3.18,2,"6,938,482","9,713,874,800","1,400","1,660","1,230","1,660",2023/12/05
"14,781",12,69,5.01,1,"6,938,482","10,033,044,972","1,446","1,580","1,175","1,580",2023/12/04
"19,278",14,-243,-15.00,5,"6,938,482","9,554,289,714","1,377","1,377","1,377","1,377",2023/12/01
"1,620",1,211,14.98,4,"6,938,482","11,240,340,840","1,620","1,620","1,620","1,620",2023/11/30
0,0,-248,-14.97,5,"6,938,482","9,776,321,138","1,409",0,0,0,2023/11/29
"247,657",201,213,14.75,1,"6,938,482","11,497,064,674","1,657","1,657","1,230","1,230",2023/11/28
"837,520",580,-254,-14.96,5,"6,938,482","10,019,168,008","1,444","1,444","1,444","1,444",2023/11/27
"423,846",332,200,13.35,1,"6,938,482","11,781,542,436","1,698","1,710","1,274","1,710",2023/11/24
"32,264",28,180,13.66,1,"6,938,482","10,393,846,036","1,498","1,498","1,126","1,490",2023/11/23
0,0,-232,-14.97,5,"6,938,482","9,144,919,276","1,318",0,0,0,2023/11/22
0,0,-9,-0.58,2,"6,938,482","10,754,647,100","1,550",0,0,0,2023/11/21
"1,559",1,200,14.72,1,"6,938,482","10,817,093,438","1,559","1,559","1,559","1,559",2023/11/20
0,0,-239,-14.96,5,"6,938,482","9,429,397,038","1,359",0,0,0,2023/11/17
"1,598",1,99,6.60,1,"6,938,482","11,087,694,236","1,598","1,598","1,598","1,598",2023/11/16
"2,999",2,100,7.15,1,"6,938,482","10,400,784,518","1,499","1,500","1,499","1,500",2023/11/15
"144,484",112,-101,-6.73,2,"6,938,482","9,706,936,318","1,399","1,497","1,275","1,497",2023/11/14
"3,505,974","2,722",-13,-0.86,2,"6,938,482","10,407,723,000","1,500","1,699","1,287","1,287",2023/11/13
"3,026",2,-266,-14.95,5,"6,938,482","10,497,923,266","1,513","1,513","1,513","1,513",2023/11/10
"3,097",2,229,14.77,1,"6,938,482","12,343,559,478","1,779","1,779","1,318","1,318",2023/11/09
"1,550",1,197,14.56,1,"6,938,482","10,754,647,100","1,550","1,550","1,550","1,550",2023/11/08
"20,295",15,-238,-14.96,5,"6,938,482","9,387,766,146","1,353","1,353","1,353","1,353",2023/11/07
"1,591",1,207,14.96,4,"6,938,482","11,039,124,862","1,591","1,591","1,591","1,591",2023/11/06
"2,768",2,180,14.95,4,"6,938,482","9,602,859,088","1,384","1,384","1,384","1,384",2023/11/03
"65,704",55,-3,-0.25,2,"6,938,482","8,353,932,328","1,204","1,204","1,032","1,032",2023/11/02
"906,670",751,-213,-15.00,5,"6,938,482","8,374,747,774","1,207","1,420","1,207","1,420",2023/11/01
"2,843",2,172,13.78,1,"6,938,482","9,852,644,440","1,420","1,423","1,420","1,423",2023/10/31
"26,490",21,-89,-6.66,2,"6,938,482","8,659,225,536","1,248","1,530","1,248","1,530",2023/10/30
"28,077",21,-235,-14.95,5,"6,938,482","9,276,750,434","1,337","1,337","1,337","1,337",2023/10/27
"40,872",26,-277,-14.98,5,"6,938,482","10,907,293,704","1,572","1,572","1,572","1,572",2023/10/26
"21,057",15,235,14.56,1,"6,938,482","12,829,253,218","1,849","1,849","1,372","1,372",2023/10/25
"1,614",1,-284,-14.96,5,"6,938,482","11,198,709,948","1,614","1,614","1,614","1,614",2023/10/24
"3,304",2,244,14.75,1,"6,938,482","13,169,238,836","1,898","1,898","1,406","1,406",2023/10/23
"125,278",102,214,14.86,1,"6,938,482","11,476,249,228","1,654","1,654","1,224","1,224",2023/10/20
"4,320",3,-254,-14.99,5,"6,938,482","9,991,414,080","1,440","1,440","1,440","1,440",2023/10/19
"4,516",3,35,2.11,1,"6,938,482","11,753,788,508","1,694","1,694","1,411","1,411",2023/10/18
"189,202",153,211,14.57,1,"6,938,482","11,510,941,638","1,659","1,662","1,231","1,231",2023/10/17
"124,648",101,-1,-0.07,2,"6,938,482","10,046,921,936","1,448","1,448","1,232","1,232",2023/10/16
"17,372",15,156,12.06,1,"6,938,482","10,053,860,418","1,449","1,480","1,111","1,480",2023/10/13
"654,258",506,-228,-14.99,5,"6,938,482","8,971,457,226","1,293","1,293","1,293","1,293",2023/10/12
"2,175,510","1,827",123,8.80,1,"6,938,482","10,553,431,122","1,521","1,565","1,189","1,189",2023/10/11
"1,398",1,169,13.75,1,"6,938,482","9,699,997,836","1,398","1,398","1,398","1,398",2023/10/10
"47,928,959","37,710",-101,-7.59,2,"6,938,482","8,527,394,378","1,229","1,488","1,131","1,488",2023/10/06
"58,444,873","45,902",8,0.61,1,"6,938,482","9,228,181,060","1,330","1,380","1,131","1,141",2023/10/05
"45,105,939","30,204",-227,-14.65,2,"6,938,482","9,172,673,204","1,322","1,727","1,322","1,727",2023/10/04
"46,471,790","30,001",-10,-0.64,2,"6,938,482","10,747,708,618","1,549","1,790","1,549","1,790",2023/09/27
"47,327,386","30,016",-85,-5.17,2,"6,938,482","10,817,093,438","1,559","1,840","1,410","1,840",2023/09/26
"47,553,440","30,002",47,2.94,1,"6,938,482","11,406,864,408","1,644","1,796","1,585","1,796",2023/09/25
"63,624,211","41,716",-193,-10.78,2,"6,938,482","11,080,755,754","1,597","2,030","1,522","2,030",2023/09/22
"78,337,704","43,184",-110,-5.79,2,"6,938,482","12,419,882,780","1,790","1,900","1,615","1,890",2023/09/21
"70,219,375","38,081",109,6.09,1,"6,938,482","13,183,115,800","1,900","1,935","1,650","1,935",2023/09/20
"54,342,567","30,342",118,7.05,1,"6,938,482","12,426,821,262","1,791","1,850","1,589","1,850",2023/09/19
"11,286,261","7,264",7,0.42,1,"6,938,482","11,608,080,386","1,673","1,749","1,435","1,749",2023/09/18
"6,590,942","4,600",217,14.98,4,"6,938,482","11,559,511,012","1,666","1,666","1,429","1,438",2023/09/15
"1,449",1,-99,-6.40,2,"6,938,482","10,053,860,418","1,449","1,449","1,449","1,449",2023/09/14
"1,548",1,-8,-0.51,2,"6,938,482","10,740,770,136","1,548","1,548","1,548","1,548",2023/09/13
0,0,-274,-14.97,5,"6,938,482","10,796,277,992","1,556",0,0,0,2023/09/12
"1,830",1,230,14.38,1,"6,938,482","12,697,422,060","1,830","1,830","1,830","1,830",2023/09/11
"1,600",1,164,11.42,1,"6,938,482","11,101,571,200","1,600","1,600","1,600","1,600",2023/09/08
"86,614",60,-253,-14.98,5,"6,938,482","9,963,660,152","1,436","1,890","1,436","1,890",2023/09/07
"8,467",5,89,5.56,1,"6,938,482","11,719,096,098","1,689","1,700","1,689","1,700",2023/09/06
"1,600",1,195,13.88,1,"6,938,482","11,101,571,200","1,600","1,600","1,600","1,600",2023/09/05
"1,405",1,-24,-1.68,2,"6,938,482","9,748,567,210","1,405","1,405","1,405","1,405",2023/09/04
"2,743,396","2,005",-171,-10.69,2,"6,938,482","9,915,090,778","1,429","1,499","1,360","1,499",2023/09/01
"1,600",1,155,10.73,1,"6,938,482","11,101,571,200","1,600","1,600","1,600","1,600",2023/08/31
"1,322,385",915,-254,-14.95,5,"6,938,482","10,026,106,490","1,445","1,550","1,445","1,550",2023/08/30
"1,699",1,219,14.80,1,"6,938,482","11,788,480,918","1,699","1,699","1,699","1,699",2023/08/29
"1,480",1,-20,-1.33,2,"6,938,482","10,268,953,360","1,480","1,480","1,480","1,480",2023/08/28
"1,500",1,-99,-6.19,2,"6,938,482","10,407,723,000","1,500","1,500","1,500","1,500",2023/08/25
"1,599",1,99,6.60,1,"6,938,482","11,094,632,718","1,599","1,599","1,599","1,599",2023/08/24
"1,500",1,-30,-1.96,2,"6,938,482","10,407,723,000","1,500","1,500","1,500","1,500",2023/08/23
"169,830",111,-270,-15.00,5,"6,938,482","10,615,877,460","1,530","1,530","1,530","1,530",2023/08/22
"1,800",1,200,12.50,1,"6,938,482","12,489,267,600","1,800","1,800","1,800","1,800",2023/08/21
"58,800",41,161,11.19,1,"6,938,482","11,101,571,200","1,600","1,600","1,430","1,430",2023/08/18
"1,439",1,-10,-0.69,2,"6,938,482","9,984,475,598","1,439","1,439","1,439","1,439",2023/08/17
"2,928",2,-123,-7.82,2,"6,938,482","10,053,860,418","1,449","1,479","1,449","1,479",2023/08/16
"42,444",27,-277,-14.98,5,"6,938,482","10,907,293,704","1,572","1,572","1,572","1,572",2023/08/14
"6,970",4,212,12.95,1,"6,938,482","12,829,253,218","1,849","1,880","1,392","1,880",2023/08/11
"1,637",1,212,14.88,1,"6,938,482","11,358,295,034","1,637","1,637","1,637","1,637",2023/08/10
"1,425",1,-3,-0.21,2,"6,938,482","9,887,336,850","1,425","1,425","1,425","1,425",2023/08/09
"72,828",51,-1,-0.07,2,"6,938,482","9,908,152,296","1,428","1,428","1,428","1,428",2023/08/08
"1,429",1,-20,-1.38,2,"6,938,482","9,915,090,778","1,429","1,429","1,429","1,429",2023/08/07
"2,899",2,39,2.77,1,"6,938,482","10,053,860,418","1,449","1,450","1,449","1,450",2023/08/04
"684,089",485,-248,-14.96,5,"6,938,482","9,783,259,620","1,410","1,599","1,410","1,599",2023/08/03
"93,400",56,-292,-14.97,5,"6,938,482","11,504,003,156","1,658","2,210","1,658","1,658",2023/08/02
"21,479",11,229,13.31,1,"6,938,482","13,530,039,900","1,950","1,979","1,950","1,979",2023/08/01
"3,442",2,222,14.81,1,"6,938,482","11,941,127,522","1,721","1,721","1,721","1,721",2023/07/31
"1,499",1,-90,-5.66,2,"6,938,482","10,400,784,518","1,499","1,499","1,499","1,499",2023/07/28
"2,545,664","1,843",-18,-1.12,2,"6,938,482","11,025,247,898","1,589","1,845","1,370","1,845",2023/07/27
"1,855,492","1,154",-283,-14.97,5,"6,938,482","11,150,140,574","1,607","2,165","1,607","1,610",2023/07/26
"151,730",92,-9,-0.47,2,"6,938,482","13,113,730,980","1,890","1,890","1,615","1,700",2023/07/25
"38,998",22,-166,-8.04,2,"6,938,482","13,176,177,318","1,899","1,899","1,760","1,899",2023/07/24
"682,445",376,-5,-0.24,2,"6,938,482","14,327,965,330","2,065","2,375","1,760","1,800",2023/07/21
"107,640",52,-360,-14.81,5,"6,938,482","14,362,657,740","2,070","2,070","2,070","2,070",2023/07/20
"2,430",1,310,14.62,1,"6,938,482","16,860,511,260","2,430","2,430","2,430","2,430",2023/07/19
0,0,-370,-14.86,5,"6,938,482","14,709,581,840","2,120",0,0,0,2023/07/18
"2,490",1,315,14.48,1,"6,938,482","17,276,820,180","2,490","2,490","2,490","2,490",2023/07/17
"39,870",18,-70,-3.12,2,"6,938,482","15,091,198,350","2,175","2,575","2,175","2,575",2023/07/14
"44,205",23,155,7.42,1,"6,938,482","15,576,892,090","2,245","2,395","1,780","2,395",2023/07/13
"2,090",1,265,14.52,1,"6,938,482","14,501,427,380","2,090","2,090","2,090","2,090",2023/07/12
"753,202",502,235,14.78,1,"6,938,482","12,662,729,650","1,825","1,827","1,497","1,497",2023/07/11
"3,197",2,192,13.73,1,"6,938,482","11,032,186,380","1,590","1,607","1,590","1,607",2023/07/10
"8,388",6,-1,-0.07,2,"6,938,482","9,699,997,836","1,398","1,398","1,398","1,398",2023/07/07
"106,324",76,-98,-6.55,2,"6,938,482","9,706,936,318","1,399","1,399","1,399","1,399",2023/07/06
"1,497",1,-193,-11.42,2,"6,938,482","10,386,907,554","1,497","1,497","1,497","1,497",2023/07/05
"1,006,267",709,48,2.92,1,"6,938,482","11,726,034,580","1,690","1,887","1,400","1,499",2023/07/04
"5,002,935","3,573",208,14.50,1,"6,938,482","11,392,987,444","1,642","1,648","1,400","1,648",2023/07/03
"976,022",782,186,14.90,1,"6,938,482","9,949,783,188","1,434","1,434","1,247","1,247",2023/06/30
"591,771",487,31,2.55,1,"6,938,482","8,659,225,536","1,248","1,248","1,215","1,248",2023/06/29
"1,217",1,-133,-9.85,2,"6,938,482","8,444,132,594","1,217","1,217","1,217","1,217",2023/06/28
"1,350",1,-61,-4.32,2,"6,938,482","9,366,950,700","1,350","1,350","1,350","1,350",2023/06/27
0,0,-248,-14.95,5,"6,938,482","9,790,198,102","1,411",0,0,0,2023/06/26
"1,659",1,212,14.65,1,"6,938,482","11,510,941,638","1,659","1,659","1,659","1,659",2023/06/23
"1,447",1,187,14.84,1,"6,938,482","10,039,983,454","1,447","1,447","1,447","1,447",2023/06/22
"45,290",38,-139,-9.94,2,"6,938,482","8,742,487,320","1,260","1,260","1,190","1,190",2023/06/21
"1,399",1,-181,-11.46,2,"6,938,482","9,706,936,318","1,399","1,399","1,399","1,399",2023/06/20
"151,080",101,1,0.06,1,"6,938,482","10,962,801,560","1,580","1,580","1,495","1,495",2023/06/19
"1,302,530","1,108",200,14.50,1,"6,938,482","10,955,863,078","1,579","1,582","1,173","1,173",2023/06/16
0,0,-20,-1.43,2,"6,938,482","9,568,166,678","1,379",0,0,0,2023/06/15
"1,399",1,159,12.82,1,"6,938,482","9,706,936,318","1,399","1,399","1,399","1,399",2023/06/14
"13,590",12,11,0.90,1,"6,938,482","8,603,717,680","1,240","1,250","1,110","1,250",2023/06/13
"1,229",1,-50,-3.91,2,"6,938,482","8,527,394,378","1,229","1,229","1,229","1,229",2023/06/12
"118,279",101,-20,-1.54,2,"6,938,482","8,874,318,478","1,279","1,279","1,170","1,170",2023/06/09
"1,299",1,131,11.22,1,"6,938,482","9,013,088,118","1,299","1,299","1,299","1,299",2023/06/08
0,0,0,0.00,0,"6,938,482","8,104,146,976","1,168",0,0,0,2023/06/07
0,0,-1,-0.09,2,"6,938,482","8,104,146,976","1,168",0,0,0,2023/06/05
0,0,-1,-0.09,2,"6,938,482","8,111,085,458","1,169",0,0,0,2023/06/02
"1,170",1,0,0.00,3,"6,938,482","8,118,023,940","1,170","1,170","1,170","1,170",2023/06/01
"1,170",1,-10,-0.85,2,"6,938,482","8,118,023,940","1,170","1,170","1,170","1,170",2023/05/31
"1,180",1,-44,-3.59,2,"6,938,482","8,187,408,760","1,180","1,180","1,180","1,180",2023/05/30
"1,224",1,-216,-15.00,5,"6,938,482","8,492,701,968","1,224","1,224","1,224","1,224",2023/05/26
"1,440",1,176,13.92,1,"6,938,482","9,991,414,080","1,440","1,440","1,440","1,440",2023/05/25
"12,640",10,164,14.91,1,"6,938,482","8,770,241,248","1,264","1,264","1,264","1,264",2023/05/24
"1,265,849","1,152",-149,-11.93,2,"6,938,482","7,632,330,200","1,100","1,249","1,070","1,100",2023/05/23
"1,249",1,149,13.55,1,"6,938,482","8,666,164,018","1,249","1,249","1,249","1,249",2023/05/22
"1,032,300","1,002",-107,-8.86,2,"6,938,482","7,632,330,200","1,100","1,100","1,030","1,100",2023/05/19
"65,178",54,-213,-15.00,5,"6,938,482","8,374,747,774","1,207","1,207","1,207","1,207",2023/05/18
"1,420",1,184,14.89,1,"6,938,482","9,852,644,440","1,420","1,420","1,420","1,420",2023/05/17
"1,236",1,-217,-14.93,5,"6,938,482","8,575,963,752","1,236","1,236","1,236","1,236",2023/05/16
"1,453",1,189,14.95,4,"6,938,482","10,081,614,346","1,453","1,453","1,453","1,453",2023/05/15
"1,264",1,164,14.91,1,"6,938,482","8,770,241,248","1,264","1,264","1,264","1,264",2023/05/12
"514,635",502,-99,-8.26,2,"6,938,482","7,632,330,200","1,100","1,100","1,025","1,026",2023/05/11
"511,198",503,9,0.76,1,"6,938,482","8,319,239,918","1,199","1,250","1,015","1,250",2023/05/10
"111,190",101,0,0.00,3,"6,938,482","8,256,793,580","1,190","1,190","1,100","1,100",2023/05/09
0,0,-80,-6.30,2,"6,938,482","8,256,793,580","1,190",0,0,0,2023/05/08
"166,350",165,120,10.43,1,"6,938,482","8,811,872,140","1,270","1,270","1,000","1,270",2023/05/04
"2,691,772","2,709",2,0.17,1,"6,938,482","7,979,254,300","1,150","1,190",976,"1,190",2023/05/03
"11,564,788","10,045",-202,-14.96,5,"6,938,482","7,965,377,336","1,148","1,552","1,148","1,552",2023/05/02
"5,851,390","4,526",-168,-11.07,2,"6,938,482","9,366,950,700","1,350","1,745","1,291","1,745",2023/04/28
"4,829,529","3,178",-267,-14.96,5,"6,938,482","10,532,615,676","1,518","2,050","1,518","2,050",2023/04/27
"2,949,790","1,652",-315,-15.00,5,"6,938,482","12,385,190,370","1,785","2,100","1,785","2,100",2023/04/26
"3,549,660","1,815",-200,-8.70,2,"6,938,482","14,570,812,200","2,100","2,300","1,955","2,300",2023/04/25
"114,830",52,100,4.55,1,"6,938,482","15,958,508,600","2,300","2,530","2,200","2,530",2023/04/24
"3,228,140","1,576",-195,-8.14,2,"6,938,482","15,264,660,400","2,200","2,685","2,040","2,685",2023/04/21
"5,170,575","2,219",-105,-4.20,2,"6,938,482","16,617,664,390","2,395","2,505","2,125","2,505",2023/04/20
"2,151,460",901,-290,-10.39,2,"6,938,482","17,346,205,000","2,500","3,200","2,375","3,200",2023/04/19
"323,640",116,-490,-14.94,5,"6,938,482","19,358,364,780","2,790","2,790","2,790","2,790",2023/04/18
"328,000",100,-575,-14.92,5,"6,938,482","22,758,220,960","3,280","3,280","3,280","3,280",2023/04/17
"305,230",103,395,11.42,1,"6,938,482","26,747,848,110","3,855","3,930","2,945","2,945",2023/04/14
"346,000",100,-610,-14.99,5,"6,938,482","24,007,147,720","3,460","3,460","3,460","3,460",2023/04/13
"407,000",100,-715,-14.94,5,"6,938,482","28,239,621,740","4,070","4,070","4,070","4,070",2023/04/12
"4,785",1,500,11.67,1,"6,938,482","33,200,636,370","4,785","4,785","4,785","4,785",2023/04/11
"4,285",1,490,12.91,1,"6,938,482","29,731,395,370","4,285","4,285","4,285","4,285",2023/04/10
"3,795",1,455,13.62,1,"6,938,482","26,331,539,190","3,795","3,795","3,795","3,795",2023/04/07
"3,340",1,-10,-0.30,2,"6,938,482","23,174,529,880","3,340","3,340","3,340","3,340",2023/04/06
"1,056,950",412,350,11.67,1,"6,938,482","23,243,914,700","3,350","3,400","2,560","3,400",2023/04/05
"1,941,370",668,-400,-11.76,2,"6,938,482","20,815,446,000","3,000","3,890","2,890","3,890",2023/04/04
"2,801,600",824,-595,-14.89,5,"6,938,482","23,590,838,800","3,400","3,400","3,400","3,400",2023/04/03
"43,945",11,-700,-14.91,5,"6,938,482","27,719,235,590","3,995","3,995","3,995","3,995",2023/03/31
"4,695",1,465,10.99,1,"6,938,482","32,576,172,990","4,695","4,695","4,695","4,695",2023/03/30
"16,920",4,0,0.00,3,"6,938,482","29,349,778,860","4,230","4,230","4,230","4,230",2023/03/29
"7,455",2,440,11.61,1,"6,938,482","29,349,778,860","4,230","4,230","3,225","3,225",2023/03/28
"3,790",1,445,13.30,1,"6,938,482","26,296,846,780","3,790","3,790","3,790","3,790",2023/03/27
"2,065,020",732,50,1.52,1,"6,938,482","23,209,222,290","3,345","3,645","2,810","2,820",2023/03/24
"6,295,510","2,076",-260,-7.31,2,"6,938,482","22,862,298,190","3,295","3,500","3,025","3,500",2023/03/23
"2,926,840",822,-625,-14.95,5,"6,938,482","24,666,303,510","3,555","4,700","3,555","4,700",2023/03/22
"1,603,010",413,-370,-8.13,2,"6,938,482","29,002,854,760","4,180","4,195","3,875","3,900",2023/03/21
"4,550",1,515,12.76,1,"6,938,482","31,570,093,100","4,550","4,550","4,550","4,550",2023/03/20
"4,035",1,-710,-14.96,5,"6,938,482","27,996,774,870","4,035","4,035","4,035","4,035",2023/03/17
"72,685",18,235,5.21,1,"6,938,482","32,923,097,090","4,745","5,100","3,850","5,100",2023/03/16
"9,020",2,-790,-14.91,5,"6,938,482","31,292,553,820","4,510","4,510","4,510","4,510",2023/03/15
"5,300",1,660,14.22,1,"6,938,482","36,773,954,600","5,300","5,300","5,300","5,300",2023/03/14
"4,640",1,0,0.00,3,"6,938,482","32,194,556,480","4,640","4,640","4,640","4,640",2023/03/13
"633,080",167,215,4.86,1,"6,938,482","32,194,556,480","4,640","5,000","3,765","3,800",2023/03/10
"407,025",112,220,5.23,1,"6,938,482","30,702,782,850","4,425","4,600","3,580","4,600",2023/03/09
"388,620",92,-740,-14.96,5,"6,938,482","29,176,316,810","4,205","5,670","4,205","4,205",2023/03/08
"4,945",1,535,12.13,1,"6,938,482","34,310,793,490","4,945","4,945","4,945","4,945",2023/03/07
"122,200",34,325,7.96,1,"6,938,482","30,598,705,620","4,410","4,495","3,480","4,495",2023/03/06
"111,760",31,-10,-0.24,2,"6,938,482","28,343,698,970","4,085","4,085","3,485","4,085",2023/03/03
"2,004,705",574,15,0.37,1,"6,938,482","28,413,083,790","4,095","4,680","3,470","4,080",2023/03/02
"21,570",5,-715,-14.91,5,"6,938,482","28,309,006,560","4,080","5,250","4,080","5,250",2023/02/28
"4,795",1,610,14.58,1,"6,938,482","33,270,021,190","4,795","4,795","4,795","4,795",2023/02/27
"4,185",1,-735,-14.94,5,"6,938,482","29,037,547,170","4,185","4,185","4,185","4,185",2023/02/24
"1,003,680",204,-860,-14.88,5,"6,938,482","34,137,331,440","4,920","4,920","4,920","4,920",2023/02/23
"5,780",1,740,14.68,1,"6,938,482","40,104,425,960","5,780","5,780","5,780","5,780",2023/02/22
"5,040",1,645,14.68,1,"6,938,482","34,969,949,280","5,040","5,040","5,040","5,040",2023/02/21
"4,395",1,570,14.90,4,"6,938,482","30,494,628,390","4,395","4,395","4,395","4,395",2023/02/20
0,0,-670,-14.91,5,"6,938,482","26,539,693,650","3,825",0,0,0,2023/02/17
"4,495",1,500,12.52,1,"6,938,482","31,188,476,590","4,495","4,495","4,495","4,495",2023/02/16
"3,995",1,495,14.14,1,"6,938,482","27,719,235,590","3,995","3,995","3,995","3,995",2023/02/15
0,0,-155,-4.24,2,"6,938,482","24,284,687,000","3,500",0,0,0,2023/02/14
0,0,-640,-14.90,5,"6,938,482","25,360,151,710","3,655",0,0,0,2023/02/13
"4,295",1,535,14.23,1,"6,938,482","29,800,780,190","4,295","4,295","4,295","4,295",2023/02/10
"330,460",100,0,0.00,3,"6,938,482","26,088,692,320","3,760","3,760","3,300","3,300",2023/02/09
0,0,-660,-14.93,5,"6,938,482","26,088,692,320","3,760",0,0,0,2023/02/08
"4,420",1,560,14.51,1,"6,938,482","30,668,090,440","4,420","4,420","4,420","4,420",2023/02/07
"3,860",1,500,14.88,4,"6,938,482","26,782,540,520","3,860","3,860","3,860","3,860",2023/02/06
"3,360",1,-590,-14.94,5,"6,938,482","23,313,299,520","3,360","3,360","3,360","3,360",2023/02/03
0,0,-10,-0.25,2,"6,938,482","27,407,003,900","3,950",0,0,0,2023/02/02
"3,960",1,515,14.95,4,"6,938,482","27,476,388,720","3,960","3,960","3,960","3,960",2023/02/01
"1,005,985",309,-380,-9.93,2,"6,938,482","23,903,070,490","3,445","3,445","3,255","3,255",2023/01/31
0,0,-675,-15.00,5,"6,938,482","26,539,693,650","3,825",0,0,0,2023/01/30
"4,500",1,430,10.57,1,"6,938,482","31,223,169,000","4,500","4,500","4,500","4,500",2023/01/27
"4,070",1,330,8.82,1,"6,938,482","28,239,621,740","4,070","4,070","4,070","4,070",2023/01/26
"3,740",1,485,14.90,4,"6,938,482","25,949,922,680","3,740","3,740","3,740","3,740",2023/01/25
"100,905",31,-570,-14.90,5,"6,938,482","22,584,758,910","3,255","3,255","3,255","3,255",2023/01/20
"8,325",2,-675,-15.00,5,"6,938,482","26,539,693,650","3,825","4,500","3,825","4,500",2023/01/19
"27,210",6,505,12.64,1,"6,938,482","31,223,169,000","4,500","4,590","4,500","4,590",2023/01/18
"3,995",1,495,14.14,1,"6,938,482","27,719,235,590","3,995","3,995","3,995","3,995",2023/01/17
0,0,0,0.00,0,"6,938,482","24,284,687,000","3,500",0,0,0,2023/01/16
0,0,0,0.00,0,"6,938,482","24,284,687,000","3,500",0,0,0,2023/01/13
0,0,0,0.00,0,"6,938,482","24,284,687,000","3,500",0,0,0,2023/01/12
0,0,-90,-2.51,2,"6,938,482","24,284,687,000","3,500",0,0,0,2023/01/11
"103,410",32,370,11.49,1,"6,938,482","24,909,150,380","3,590","3,590","3,220","3,220",2023/01/10
"3,220",1,-565,-14.93,5,"6,938,482","22,341,912,040","3,220","3,220","3,220","3,220",2023/01/09
"72,920",20,485,14.70,1,"6,938,482","26,262,154,370","3,785","3,795","2,805","3,795",2023/01/06
"3,300",1,95,2.96,1,"6,938,482","22,896,990,600","3,300","3,300","3,300","3,300",2023/01/05
"40,185",10,-565,-14.99,5,"6,938,482","22,237,834,810","3,205","4,320","3,205","3,770",2023/01/04
"7,540",2,-665,-14.99,5,"6,938,482","26,158,077,140","3,770","3,770","3,770","3,770",2023/01/03
"1,097,350",331,550,14.16,1,"6,938,482","30,772,167,670","4,435","4,435","3,305","3,305",2023/01/02
